shadingModel: 1
albedo: [1.0, 1.0, 1.0]
albedoMap: 1
emission: [0, 0, 0]
metallic: 0.200000003
roughness: 0.400999993
textureTiling: [1, 1]