shadingModel: 1
albedo: [1.0, 1.0, 1.0]
albedoMap: 1
emission: [0, 0, 0]
metallic: 0.606000006
roughness: 0.407000005
textureTiling: [1, 1]